546.00 217.00 62.00 26.00
565.00 215.00 62.00 30.00
585.00 214.00 67.00 29.00
607.00 215.00 68.00 34.00
624.00 219.00 72.00 35.00
639.00 223.00 74.00 37.00
650.00 226.00 78.00 42.00
658.00 227.00 76.00 39.00
658.00 220.00 81.00 43.00
663.00 210.00 80.00 47.00
664.00 201.00 83.00 47.00
663.00 191.00 86.00 48.00
663.00 178.00 86.00 50.00
661.00 162.00 89.00 54.00
656.00 147.00 94.00 54.00
652.00 130.00 93.00 57.00
646.00 121.00 95.00 56.00
648.00 110.00 92.00 59.00
644.00 98.00 97.00 59.00
642.00 87.00 98.00 59.00
636.00 79.00 97.00 62.00
631.00 78.00 98.00 61.00
628.00 72.00 97.00 64.00
625.00 60.00 96.00 70.00
620.00 51.00 97.00 70.00
608.00 49.00 95.00 75.00
578.00 73.00 94.00 72.00
545.00 131.00 95.00 68.00
518.00 197.00 92.00 65.00
499.00 232.00 92.00 62.00
490.00 238.00 88.00 63.00
482.00 233.00 89.00 68.00
477.00 222.00 88.00 68.00
478.00 210.00 91.00 69.00
482.00 203.00 90.00 72.00
484.00 200.00 88.00 73.00
480.00 195.00 85.00 75.00
471.00 190.00 83.00 77.00
465.00 185.00 83.00 76.00
466.00 180.00 80.00 79.00
470.00 178.00 79.00 79.00
470.00 178.00 78.00 80.00
469.00 177.00 77.00 85.00
467.00 180.00 77.00 85.00
466.00 179.00 75.00 89.00
467.00 179.00 72.00 91.00
468.00 180.00 70.00 96.00
477.00 186.00 65.00 99.00
490.00 197.00 62.00 102.00
499.00 201.00 59.00 104.00
500.00 204.00 61.00 108.00
499.00 212.00 63.00 109.00
496.00 223.00 66.00 114.00
489.00 233.00 80.00 117.00
487.00 235.00 89.00 125.00
483.00 229.00 105.00 133.00
479.00 227.00 119.00 139.00
466.00 231.00 134.00 147.00
457.00 239.00 138.00 159.00
447.00 248.00 145.00 172.00
438.00 253.00 147.00 186.00
432.00 260.00 141.00 204.00
434.00 279.00 136.00 209.00
444.00 276.00 121.00 234.00
464.00 296.00 127.00 245.00
485.00 323.00 145.00 267.00
488.00 363.00 183.00 295.00
502.00 417.00 212.00 303.00
513.00 459.00 234.00 261.00
519.00 501.00 264.00 219.00
525.00 531.00 249.00 189.00
532.00 557.00 222.00 163.00
533.00 583.00 204.00 137.00
531.00 602.00 176.00 118.00
523.00 617.00 155.00 103.00
510.00 629.00 143.00 91.00
495.00 635.00 137.00 85.00
495.00 621.00 135.00 99.00
502.00 596.00 132.00 124.00
511.00 572.00 137.00 148.00
522.00 561.00 135.00 159.00
536.00 561.00 140.00 159.00
553.00 548.00 149.00 172.00
561.00 538.00 163.00 182.00
570.00 524.00 174.00 196.00
570.00 508.00 195.00 212.00
581.00 490.00 202.00 230.00
588.00 477.00 215.00 243.00
590.00 461.00 215.00 259.00
594.00 446.00 209.00 274.00
605.00 426.00 207.00 294.00
618.00 398.00 202.00 322.00
628.00 364.00 205.00 304.00
637.00 332.00 212.00 287.00
643.00 316.00 228.00 270.00
650.00 302.00 232.00 251.00
653.00 266.00 236.00 250.00
654.00 216.00 239.00 254.00
659.00 169.00 245.00 260.00
660.00 135.00 254.00 265.00
662.00 119.00 267.00 279.00
661.00 128.00 293.00 290.00
659.00 148.00 320.00 310.00
659.00 174.00 359.00 344.00
662.00 197.00 422.00 398.00
672.00 232.00 508.00 488.00
690.00 289.00 590.00 431.00
701.00 395.00 579.00 325.00
721.00 577.00 354.00 143.00
