280.00 0.00 24.00 24.00
280.00 0.00 25.00 31.00
276.00 1.00 30.00 37.00
276.00 5.00 30.00 39.00
274.00 8.00 31.00 40.00
275.00 13.00 31.00 40.00
275.00 16.00 30.00 41.00
275.00 21.00 31.00 39.00
274.00 24.00 31.00 38.00
276.00 28.00 29.00 36.00
276.00 31.00 29.00 35.00
276.00 35.00 29.00 33.00
274.00 38.00 30.00 33.00
276.00 42.00 29.00 30.00
276.00 46.00 29.00 29.00
274.00 49.00 30.00 30.00
275.00 53.00 30.00 28.00
275.00 57.00 30.00 28.00
274.00 62.00 30.00 28.00
274.00 65.00 30.00 31.00
275.00 69.00 29.00 34.00
275.00 73.00 29.00 36.00
275.00 78.00 29.00 36.00
275.00 81.00 29.00 38.00
274.00 86.00 30.00 37.00
274.00 90.00 30.00 36.00
276.00 94.00 28.00 35.00
274.00 98.00 30.00 34.00
274.00 99.00 32.00 35.00
274.00 106.00 30.00 31.00
273.00 110.00 31.00 28.00
273.00 115.00 31.00 27.00
274.00 119.00 30.00 25.00
274.00 123.00 30.00 26.00
274.00 127.00 30.00 25.00
274.00 132.00 32.00 25.00
272.00 136.00 34.00 26.00
274.00 140.00 33.00 28.00
269.00 143.00 35.00 27.00
274.00 148.00 32.00 34.00
273.00 152.00 33.00 37.00
275.00 157.00 31.00 36.00
275.00 161.00 29.00 36.00
275.00 165.00 31.00 36.00
276.00 169.00 29.00 35.00
275.00 173.00 30.00 33.00
275.00 179.00 31.00 30.00
277.00 184.00 29.00 29.00
275.00 189.00 31.00 27.00
273.00 193.00 32.00 25.00
274.00 198.00 32.00 25.00
273.00 201.00 32.00 25.00
273.00 204.00 32.00 25.00
273.00 208.00 32.00 25.00
274.00 213.00 31.00 26.00
273.00 218.00 31.00 28.00
272.00 223.00 31.00 31.00
273.00 229.00 31.00 32.00
272.00 234.00 31.00 34.00
274.00 238.00 30.00 33.00
275.00 242.00 29.00 33.00
274.00 246.00 30.00 33.00
274.00 249.00 31.00 33.00
273.00 256.00 29.00 30.00
273.00 257.00 31.00 31.00
274.00 263.00 30.00 30.00
279.00 268.00 25.00 27.00
273.00 274.00 31.00 28.00
274.00 280.00 31.00 24.00
273.00 286.00 32.00 23.00
274.00 292.00 31.00 20.00
273.00 297.00 32.00 20.00
273.00 301.00 32.00 20.00
273.00 305.00 33.00 22.00
273.00 309.00 33.00 26.00
273.00 314.00 32.00 29.00
273.00 317.00 31.00 30.00
274.00 321.00 30.00 32.00
272.00 324.00 32.00 34.00
273.00 329.00 31.00 33.00
273.00 332.00 31.00 34.00
271.00 337.00 33.00 32.00
272.00 341.00 31.00 31.00
273.00 346.00 30.00 30.00
271.00 354.00 32.00 28.00
272.00 359.00 32.00 27.00
271.00 367.00 32.00 23.00
272.00 372.00 31.00 22.00
273.00 379.00 31.00 20.00
272.00 383.00 30.00 22.00
273.00 389.00 30.00 20.00
273.00 393.00 30.00 21.00
272.00 397.00 30.00 24.00
272.00 401.00 30.00 28.00
272.00 404.00 31.00 32.00
272.00 408.00 30.00 33.00
273.00 412.00 29.00 33.00
272.00 416.00 28.00 33.00
272.00 420.00 29.00 32.00
272.00 430.00 28.00 27.00
270.00 430.00 31.00 32.00
271.00 441.00 30.00 26.00
271.00 443.00 29.00 29.00
270.00 448.00 31.00 29.00
270.00 455.00 31.00 26.00
271.00 462.00 30.00 25.00
271.00 468.00 31.00 24.00
271.00 474.00 31.00 22.00
270.00 478.00 31.00 24.00
271.00 481.00 32.00 27.00
271.00 485.00 32.00 28.00
275.00 489.00 27.00 29.00
270.00 493.00 31.00 32.00
271.00 498.00 30.00 32.00
273.00 501.00 28.00 34.00
273.00 504.00 28.00 35.00
274.00 508.00 26.00 36.00
271.00 514.00 28.00 36.00
271.00 520.00 29.00 35.00
271.00 527.00 29.00 34.00
270.00 532.00 30.00 34.00
271.00 540.00 29.00 31.00
270.00 546.00 29.00 30.00
270.00 553.00 29.00 29.00
270.00 558.00 29.00 28.00
269.00 565.00 29.00 27.00
270.00 568.00 29.00 29.00
269.00 572.00 30.00 30.00
269.00 575.00 29.00 32.00
269.00 578.00 29.00 34.00
269.00 581.00 28.00 37.00
267.00 584.00 31.00 38.00
267.00 589.00 31.00 38.00
268.00 595.00 29.00 38.00
269.00 600.00 28.00 39.00
266.00 604.00 32.00 38.00
275.00 610.00 23.00 34.00
274.00 617.00 23.00 33.00
265.00 624.00 30.00 37.00
267.00 633.00 28.00 34.00
267.00 637.00 30.00 35.00
266.00 643.00 31.00 35.00
268.00 650.00 30.00 32.00
268.00 656.00 31.00 33.00
268.00 659.00 33.00 34.00
269.00 664.00 32.00 35.00
268.00 668.00 32.00 36.00
269.00 671.00 31.00 36.00
265.00 675.00 36.00 41.00
271.00 678.00 28.00 38.00
266.00 686.00 36.00 34.00
267.00 688.00 33.00 32.00
270.00 691.00 30.00 29.00
271.00 697.00 33.00 23.00
279.00 703.00 10.00 16.00
278.00 710.00 19.00 10.00
280.00 715.00 14.00 5.00
