0.00 442.00 113.00 183.00
0.00 440.00 116.00 185.00
0.00 438.00 119.00 187.00
0.00 436.00 121.00 188.00
0.00 434.00 124.00 189.00
0.00 433.00 126.00 186.00
0.00 431.00 128.00 187.00
0.00 429.00 131.00 187.00
0.00 426.00 135.00 188.00
0.00 425.00 138.00 186.00
0.00 423.00 141.00 186.00
0.00 423.00 143.00 184.00
0.00 421.00 145.00 183.00
0.00 417.00 148.00 186.00
0.00 415.00 151.00 186.00
0.00 413.00 154.00 186.00
0.00 412.00 156.00 186.00
0.00 410.00 159.00 186.00
0.00 409.00 162.00 185.00
